223
204
891
366
528
400
465
585
373
713
333
806
429
368
619
454
494
495
559
832
125
584
180
751
762
120
579
923
815
244
615
947
121
654
389
812
912
476
706
665
489
949
212
807
594
289
506
914
637
668
191
146
590
14
746
188
447
562
697
942
395
657
756
339
182
26
174
287
307
25
581
176
976
57
899
305
756
639
693
868
185
229
456
634
948
887
108
66
106
501
441
365
404
6
550
458
682
837
144
179
934
395
783
834
375
472
669
201
511
471
151
893
230
14
662
750
813
719
439
158
486
382
382
755
816
622
898
979
729
522
913
947
557
237
596
644
179
759
350
650
790
773
830
850
528
12
91
16
258
833
543
66
945
728
764
45
219
807
332
690
752
165
853
108
667
437
928
176
30
337
410
25
541
173
900
144
891
330
581
669
546
995
944
876
622
975
424
542
640
395
343
827
65
987
286
441
308
5
743
700
926
403
870
842
321
483
566
706
740
228
544
656
726
143
45
351
9
1000
149
948
772
319
705
818
401
383
282
304
109
771
108
419
365
752
917
313
326
483
296
483
709
519
630
246
333
963
948
367
958
574
599
16
619
24
548
204
460
246
108
50
10
977
292
393
449
388
235
697
799
672
557
73
659
903
141
659
417
849
95
600
266
293
907
697
359
760
29
723
478
667
585
734
30
620
715
794
389
572
741
799
473
968
627
192
314
262
368
178
854
894
339
927
159
490
243
209
583
148
511
637
635
35
635
38
606
752
821
675
852
355
678
206
383
830
492
178
726
546
979
936
353
86
315
246
826
377
69
77
381
208
280
45
552
104
256
655
501
114
638
534
836
374
770
915
717
109
588
116
76
311
451
769
893
525
293
667
159
357
885
976
925
304
474
607
735
761
276
900
639
252
905
289
608
720
846
866
97
146
41
971
166
736
427
856
591
335
203
1
226
386
421
183
684
727
258
503
229
271
713
547
514
690
707
95
531
901
996
399
884
585
102
522
681
529
295
266
923
224
514
379
495
388
747
78
46
267
748
146
991
64
565
933
864
810
208
220
371
810
378
973
413
679
486
317
546
431
115
803
908
812
342
536
675
16
458
9
62
47
875
482
687
240
963
961
637
719
948
124
307
666
548
160
222
774
334
776
451
13
228
646
951
422
34
793
64
690
207
451
360
774
533
701
59
642
463
473
110
372
594
996
303
154
860
958
931
883
305
255
730
728
621
944
103
292
252
835
635
812
300
288
474
669
132
878
109
922
766
634
398
671
495
918
75
813
744
313
593
673
341
727
449
659
571
13
224
776
742
315
161
157
879
630
277
505
333
617
915
741
155
879
74
58
447
72
354
511
811
918
379
710
220
658
206
410
632
320
511
144
669
812
660
646
644
151
367
972
524
450
743
902
130
565
173
731
966
509
570
5
898
976
934
765
787
806
675
402
962
726
496
958
60
170
66
549
789
976
972
515
244
765
367
161
704
896
716
236
608
553
414
450
55
180
230
913
254
966
678
414
804
83
430
751
385
129
853
126
272
380
319
434
658
199
813
307
888
196
99
34
608
536
418
355
896
422
270
464
593
638
297
19
379
514
14
935
486
205
722
868
744
32
837
805
787
906
423
519
142
516
221
505
867
398
826
611
409
897
466
20
360
482
162
668
401
112
507
890
592
642
766
251
2
352
993
376
376
244
696
522
126
68
726
749
549
32
882
838
124
354
695
618
422
615
372
429
764
72
962
460
795
669
628
303
272
927
544
927
480
144
979
775
5
866
868
706
730
80
302
993
55
493
729
463
952
823
698
971
32
783
935
921
899
641
447
350
312
474
550
549
837
674
118
883
942
480
56
251
957
948
810
103
573
637
163
621
378
32
842
433
743
113
869
4
923
25
797
89
526
909
910
912
445
462
68
617
429
898
816
22
676
151
619
453
466
727
906
25
655
389
679
364
703
2
128
635
200
571
456
502
764
483
668
458
986
601
752
749
934
262
184
918
281
173
619
302
643
935
753
135
797
138
493
487
315
437
869
184
126
19
830
680
688
865
781
521
504
357
960
628
678
694
507
166
561
482
759
111
603
376
749
498
718
339
384
534
847
199
335
385
873
107
794
4
509
227
300
719
293
480
239
193
840
662
398
235
823
291
947
834
966
727
873
32
879
444
123
558
744
395
51
464
92
312
296
317
351
36
134
345
259
141
593
681
952
84
972
954
945
418
675
782
657
768
402
900
227
242
780
307
89
190
437
938
469
583
331
615
531
321
463
611
455
48
10
543
259
954
298
717
457
661
