299
977
247
648
847
88
505
788
855
677
949
404
457
575
338
895
239
874
229
474
577
27
706
629
832
265
526
534
717
740
577
924
72
453
697
849
29
985
249
476
256
418
912
955
457
372
678
794
931
129
578
226
510
458
110
865
708
891
732
377
505
370
578
112
83
571
272
652
913
779
227
177
984
375
105
240
897
104
573
773
638
925
357
877
699
677
862
458
769
424
489
61
437
416
919
991
368
81
928
28
55
954
377
748
835
976
956
71
755
70
537
261
381
298
707
439
236
566
581
685
434
338
795
397
167
507
628
181
282
986
141
621
244
579
834
892
204
448
5
957
996
506
249
549
131
820
455
364
52
308
615
910
828
134
564
277
577
422
294
269
37
210
483
203
418
162
71
347
751
813
743
381
257
121
638
50
445
294
87
713
41
88
897
9
386
296
592
202
704
478
592
332
422
788
973
75
334
906
206
750
186
33
743
82
676
310
70
360
374
134
749
712
182
536
670
401
441
268
957
702
753
150
863
710
121
62
200
823
21
431
626
784
158
393
137
386
571
414
588
731
243
646
830
423
263
952
410
602
125
917
493
39
174
762
189
382
401
450
216
285
513
429
583
806
97
794
553
121
304
764
652
518
760
820
926
961
312
778
265
442
529
537
421
439
197
191
952
433
755
413
681
88
143
545
826
948
335
862
995
881
409
901
890
869
344
258
728
122
973
469
560
907
961
811
809
20
473
208
475
930
314
699
950
804
812
247
77
213
411
690
474
111
144
635
691
446
975
613
362
46
946
938
890
841
514
134
717
489
581
434
131
895
107
1000
764
53
234
458
23
942
546
794
291
896
659
805
218
547
778
985
638
153
203
63
451
330
136
551
180
178
783
464
610
217
497
912
119
552
511
830
265
859
935
121
122
327
293
293
99
585
365
650
889
416
788
416
664
928
902
579
340
676
737
126
302
487
817
767
443
943
798
352
369
303
695
269
698
160
425
207
707
595
563
52
351
493
449
152
452
991
552
516
999
265
289
857
59
651
127
233
956
520
890
667
466
695
798
521
185
7
821
623
997
742
313
994
251
670
222
619
747
333
172
831
569
727
826
500
547
586
461
506
981
190
249
83
424
423
247
800
777
984
220
130
701
990
834
690
506
486
423
342
537
492
483
384
912
761
152
820
348
376
674
549
499
277
541
573
863
610
6
912
15
416
722
51
672
582
130
191
232
225
648
148
787
280
939
427
614
83
6
308
689
216
408
464
594
921
796
420
860
829
408
819
839
601
770
247
872
99
895
140
585
267
549
545
12
535
424
740
889
721
98
240
574
87
147
141
790
902
241
381
314
876
256
438
652
273
930
169
395
801
914
262
401
721
547
130
152
251
213
302
186
743
543
621
960
976
920
274
690
473
415
899
894
138
227
542
668
411
501
734
549
659
474
114
995
325
964
946
436
168
975
991
728
906
465
598
746
128
667
425
508
316
548
962
938
788
965
397
241
579
799
337
672
30
608
978
412
749
989
878
258
796
138
809
230
252
652
544
448
883
727
327
430
53
147
239
516
214
953
520
448
845
108
206
546
902
3
563
888
44
706
289
816
232
168
258
63
339
668
14
519
669
121
720
45
335
152
38
807
163
900
939
876
109
944
138
414
598
741
897
819
198
768
104
218
675
480
772
208
834
429
485
642
177
652
528
492
726
655
489
456
240
601
89
659
904
159
160
433
947
698
432
129
791
137
726
66
127
876
412
341
725
475
95
901
27
676
931
673
231
532
134
954
872
501
872
255
177
541
101
366
609
551
644
253
155
195
399
102
497
680
863
361
33
170
339
588
929
119
957
702
956
643
857
881
56
843
43
237
731
254
268
833
163
959
784
876
639
248
520
610
437
721
87
650
480
838
754
220
85
910
785
88
611
888
221
937
684
520
597
881
300
590
385
862
118
311
130
818
669
646
276
64
30
331
945
226
431
475
403
320
620
736
925
434
710
943
974
775
408
103
252
294
680
97
697
754
325
627
140
786
923
423
183
718
465
145
1
878
675
805
751
60
729
790
987
754
99
684
785
30
623
925
730
2
441
259
623
23
149
630
412
634
588
537
470
367
313
399
218
306
879
152
564
188
441
495
929
306
885
107
609
986
750
157
572
343
764
129
936
883
210
261
780
716
844
54
245
999
739
250
682
361
839
121
869
645
680
333
929
511
392
288
587
607
520
364
862
642
790
101
79
42
288
187
329
109
384
748
806
739
555
774
444
473
511
330
743
522
529
828
936
109
881
967
458
610
675
